
SensorPod 52 SRPY Attack Version
Tue Feb  6 17:32:00 2018
Format: time, frame, dcx, dcy, dcx_vel_avg, dcy_vel_avg, dcx_acc_avg, dcy_acc_avg, trackp, autop
Timestamps for tracking reset notifications are at
the time of logging, not occurrence.
1517956320.15: Initiating Data Logging...
1 1517956322049 Tracking (1):   0.0,   0.0,  0.00,  0.00,  0.00,  0.00, 0, 0
2 1517956322526 Tracking (1):   0.0,   0.0,  0.00,  0.00,  0.00,  0.00, 0, 0
3 1517956322895 Tracking (1):   0.0,   0.0,  0.00,  0.00,  0.00,  0.00, 0, 0
4 1517956323268 Tracking (1):   0.0,   0.0,  0.00,  0.00,  0.00,  0.00, 0, 0
5 1517956323605 Tracking (1):   0.0,   0.0,  0.00,  0.00,  0.00,  0.00, 0, 0
6 1517956323917 Tracking (1):   0.0,   0.0,  0.00,  0.00,  0.00,  0.00, 0, 0
7 1517956324235 Tracking (1):   0.0,   0.0,  0.00,  0.00,  0.00,  0.00, 0, 0
8 1517956324542 Tracking (1):   0.0,   0.0,  0.00,  0.00,  0.00,  0.00, 0, 0
9 1517956324864 Tracking (1):   0.0,   0.0,  0.00,  0.00,  0.00,  0.00, 0, 0
10 1517956325183 Tracking (1):   0.0,   0.0,  0.00,  0.00,  0.00,  0.00, 0, 0
11 1517956325506 Tracking (1):   0.0,   0.0,  0.00,  0.00,  0.00,  0.00, 0, 0
12 1517956325831 Tracking (1):   0.0,   0.0,  0.00,  0.00,  0.00,  0.00, 0, 0
13 1517956326150 Tracking (1):   0.0,   0.0,  0.00,  0.00,  0.00,  0.00, 0, 0
14 1517956326474 Tracking (1):   0.0,   0.0,  0.00,  0.00,  0.00,  0.00, 0, 0
15 1517956326801 Tracking (1):   0.0,   0.0,  0.00,  0.00,  0.00,  0.00, 0, 0
16 1517956327131 Tracking (1):   0.0,   0.0,  0.00,  0.00,  0.00,  0.00, 0, 0
17 1517956327460 Tracking (1):   0.0,   0.0,  0.00,  0.00,  0.00,  0.00, 0, 0
18 1517956327795 Tracking (1):   0.0,   0.0,  0.00,  0.00,  0.00,  0.00, 0, 0
19 1517956328124 Tracking (1):   0.0,   0.0,  0.00,  0.00,  0.00,  0.00, 0, 0
20 1517956328449 Tracking (1):   0.0,   0.0,  0.00,  0.00,  0.00,  0.00, 0, 0
21 1517956328783 Tracking (1):   0.0,   0.0,  0.00,  0.00,  0.00,  0.00, 0, 0
22 1517956329113 Tracking (1):   0.0,   0.0,  0.00,  0.00,  0.00,  0.00, 0, 0
23 1517956329447 Tracking (1):   0.0,   0.0,  0.00,  0.00,  0.00,  0.00, 0, 0
24 1517956329794 Tracking (1):   0.0,   0.0,  0.00,  0.00,  0.00,  0.00, 0, 0
25 1517956330132 Tracking (1):   0.0,   0.0,  0.00,  0.00,  0.00,  0.00, 0, 0
26 1517956330466 Tracking (1):   0.0,   0.0,  0.00,  0.00,  0.00,  0.00, 0, 0
27 1517956330811 Tracking (1):   0.0,   0.0,  0.00,  0.00,  0.00,  0.00, 0, 0
28 1517956331142 Tracking (1):   0.0,   0.0,  0.00,  0.00,  0.00,  0.00, 0, 0
29 1517956331478 Tracking (1):   0.0,   0.0,  0.00,  0.00,  0.00,  0.00, 0, 0
30 1517956331812 Tracking (1):   0.0,   0.0,  0.00,  0.00,  0.00,  0.00, 0, 0
31 1517956332143 Tracking (1):   0.0,   0.0,  0.00,  0.00,  0.00,  0.00, 0, 0
32 1517956332471 Tracking (1):   0.0,   0.0,  0.00,  0.00,  0.00,  0.00, 0, 0
33 1517956332801 Tracking (1):   0.0,   0.0,  0.00,  0.00,  0.00,  0.00, 0, 0
34 1517956333127 Tracking (1):   0.0,   0.0,  0.00,  0.00,  0.00,  0.00, 0, 0
35 1517956333461 Tracking (1):   0.0,   0.0,  0.00,  0.00,  0.00,  0.00, 0, 0
36 1517956333795 Tracking (1):   0.0,   0.0,  0.00,  0.00,  0.00,  0.00, 0, 0
37 1517956334128 Tracking (1):   0.0,   0.0,  0.00,  0.00,  0.00,  0.00, 0, 0
38 1517956334464 Tracking (1):   0.0,   0.0,  0.00,  0.00,  0.00,  0.00, 0, 0
39 1517956334801 Tracking (1):   0.0,   0.0,  0.00,  0.00,  0.00,  0.00, 0, 0
40 1517956335140 Tracking (1):   0.0,   0.0,  0.00,  0.00,  0.00,  0.00, 0, 0
41 1517956335472 Tracking (1):   0.0,   0.0,  0.00,  0.00,  0.00,  0.00, 0, 0
42 1517956335809 Tracking (1):   0.0,   0.0,  0.00,  0.00,  0.00,  0.00, 0, 0
43 1517956336144 Tracking (1):   0.0,   0.0,  0.00,  0.00,  0.00,  0.00, 0, 0
44 1517956336476 Tracking (1):   0.0,   0.0,  0.00,  0.00,  0.00,  0.00, 0, 0
45 1517956336813 Tracking (1):   0.0,   0.0,  0.00,  0.00,  0.00,  0.00, 0, 0
46 1517956337151 Tracking (1):   0.0,   0.0,  0.00,  0.00,  0.00,  0.00, 0, 0
47 1517956337486 Tracking (1):   0.0,   0.0,  0.00,  0.00,  0.00,  0.00, 0, 0
48 1517956337822 Tracking (1):   0.0,   0.0,  0.00,  0.00,  0.00,  0.00, 0, 0
49 1517956338158 Tracking (1):   0.0,   0.0,  0.00,  0.00,  0.00,  0.00, 0, 0
50 1517956338492 Tracking (1):   0.0,   0.0,  0.00,  0.00,  0.00,  0.00, 0, 0
51 1517956338832 Tracking (1):   0.0,   0.0,  0.00,  0.00,  0.00,  0.00, 0, 0
52 1517956339165 Tracking (1):   0.0,   0.0,  0.00,  0.00,  0.00,  0.00, 0, 0
53 1517956339497 Tracking (1):   0.0,   0.0,  0.00,  0.00,  0.00,  0.00, 0, 0
54 1517956339830 Tracking (1):   0.0,   0.0,  0.00,  0.00,  0.00,  0.00, 0, 0
55 1517956340166 Tracking (1):   0.0,   0.0,  0.00,  0.00,  0.00,  0.00, 0, 0
56 1517956340499 Tracking (1):   0.0,   0.0,  0.00,  0.00,  0.00,  0.00, 0, 0
57 1517956340835 Tracking (1):   0.0,   0.0,  0.00,  0.00,  0.00,  0.00, 0, 0
58 1517956341168 Tracking (1):   0.0,   0.0,  0.00,  0.00,  0.00,  0.00, 0, 0
59 1517956341503 Tracking (1):   0.0,   0.0,  0.00,  0.00,  0.00,  0.00, 0, 0
60 1517956341836 Tracking (1):   0.0,   0.0,  0.00,  0.00,  0.00,  0.00, 0, 0
61 1517956342172 Tracking (1):   0.0,   0.0,  0.00,  0.00,  0.00,  0.00, 0, 0
62 1517956342507 Tracking (1):   0.0,   0.0,  0.00,  0.00,  0.00,  0.00, 0, 0
63 1517956342843 Tracking (1):   0.0,   0.0,  0.00,  0.00,  0.00,  0.00, 0, 0
64 1517956343181 Tracking (1):   0.0,   0.0,  0.00,  0.00,  0.00,  0.00, 0, 0
65 1517956343516 Tracking (1):   0.0,   0.0,  0.00,  0.00,  0.00,  0.00, 0, 0
66 1517956343847 Tracking (1):   0.0,   0.0,  0.00,  0.00,  0.00,  0.00, 0, 0
67 1517956344182 Tracking (1):   0.0,   0.0,  0.00,  0.00,  0.00,  0.00, 0, 0
68 1517956344517 Tracking (1):   0.0,   0.0,  0.00,  0.00,  0.00,  0.00, 0, 0
69 1517956344853 Tracking (1):   0.0,   0.0,  0.00,  0.00,  0.00,  0.00, 0, 0
70 1517956345188 Tracking (1):   0.0,   0.0,  0.00,  0.00,  0.00,  0.00, 0, 0
71 1517956345520 Tracking (1):   0.0,   0.0,  0.00,  0.00,  0.00,  0.00, 0, 0
72 1517956345852 Tracking (1):   0.0,   0.0,  0.00,  0.00,  0.00,  0.00, 0, 0
73 1517956346189 Tracking (1):   0.0,   0.0,  0.00,  0.00,  0.00,  0.00, 0, 0
74 1517956346523 Tracking (1):   0.0,   0.0,  0.00,  0.00,  0.00,  0.00, 0, 0
75 1517956346858 Tracking (1):   0.0,   0.0,  0.00,  0.00,  0.00,  0.00, 0, 0
76 1517956347200 Tracking (1):   0.0,   0.0,  0.00,  0.00,  0.00,  0.00, 0, 0
77 1517956347541 Tracking (1):   0.0,   0.0,  0.00,  0.00,  0.00,  0.00, 0, 0
78 1517956347881 Tracking (1):   0.0,   0.0,  0.00,  0.00,  0.00,  0.00, 0, 0
79 1517956348225 Tracking (1):   0.0,   0.0,  0.00,  0.00,  0.00,  0.00, 0, 0
80 1517956348560 Tracking (1):   0.0,   0.0,  0.00,  0.00,  0.00,  0.00, 0, 0
81 1517956348889 Tracking (1):   0.0,   0.0,  0.00,  0.00,  0.00,  0.00, 0, 0
82 1517956349223 Tracking (1):   0.0,   0.0,  0.00,  0.00,  0.00,  0.00, 0, 0
83 1517956349557 Tracking (1):   0.0,   0.0,  0.00,  0.00,  0.00,  0.00, 0, 0
84 1517956349892 Tracking (1):   0.0,   0.0,  0.00,  0.00,  0.00,  0.00, 0, 0
85 1517956350243 Tracking (1):   0.0,   0.0,  0.00,  0.00,  0.00,  0.00, 0, 0
86 1517956350578 Tracking (1):   0.0,   0.0,  0.00,  0.00,  0.00,  0.00, 0, 0
87 1517956350913 Tracking (1):   0.0,   0.0,  0.00,  0.00,  0.00,  0.00, 0, 0
88 1517956351246 Tracking (1):   0.0,   0.0,  0.00,  0.00,  0.00,  0.00, 0, 0
89 1517956351575 Tracking (1):   0.0,   0.0,  0.00,  0.00,  0.00,  0.00, 0, 0
90 1517956351915 Tracking (1):   0.0,   0.0,  0.00,  0.00,  0.00,  0.00, 0, 0
91 1517956352246 Tracking (1):   0.0,   0.0,  0.00,  0.00,  0.00,  0.00, 0, 0
92 1517956352574 Tracking (1):   0.0,   0.0,  0.00,  0.00,  0.00,  0.00, 0, 0
93 1517956352905 Tracking (1):   0.0,   0.0,  0.00,  0.00,  0.00,  0.00, 0, 0
94 1517956353247 Tracking (1):   0.0,   0.0,  0.00,  0.00,  0.00,  0.00, 0, 0
95 1517956353579 Tracking (1):   0.0,   0.0,  0.00,  0.00,  0.00,  0.00, 0, 0
96 1517956353915 Tracking (1):   0.0,   0.0,  0.00,  0.00,  0.00,  0.00, 0, 0
97 1517956354252 Tracking (1):   0.0,   0.0,  0.00,  0.00,  0.00,  0.00, 0, 0
98 1517956354592 Tracking (1):   0.0,   0.0,  0.00,  0.00,  0.00,  0.00, 0, 0
99 1517956354924 Tracking (1):   0.0,   0.0,  0.00,  0.00,  0.00,  0.00, 0, 0
100 1517956355255 Tracking (1):   0.0,   0.0,  0.00,  0.00,  0.00,  0.00, 0, 0
101 1517956355595 Tracking (1):   0.0,   0.0,  0.00,  0.00,  0.00,  0.00, 0, 0
102 1517956355923 Tracking (1):   0.0,   0.0,  0.00,  0.00,  0.00,  0.00, 0, 0
103 1517956356258 Tracking (1):   0.0,   0.0,  0.00,  0.00,  0.00,  0.00, 0, 0
104 1517956356594 Tracking (1):   0.0,   0.0,  0.00,  0.00,  0.00,  0.00, 0, 0
105 1517956356931 Tracking (1):   0.0,   0.0,  0.00,  0.00,  0.00,  0.00, 0, 0
106 1517956357257 Tracking (1):   0.0,   0.0,  0.00,  0.00,  0.00,  0.00, 0, 0
107 1517956357590 Tracking (1):   0.0,   0.0,  0.00,  0.00,  0.00,  0.00, 0, 0
108 1517956357939 Tracking (1):   0.0,   0.0,  0.00,  0.00,  0.00,  0.00, 0, 0
109 1517956358277 Tracking (1):   0.0,   0.0,  0.00,  0.00,  0.00,  0.00, 0, 0
110 1517956358613 Tracking (1):   0.0,   0.0,  0.00,  0.00,  0.00,  0.00, 0, 0
111 1517956358948 Tracking (1):   0.0,   0.0,  0.00,  0.00,  0.00,  0.00, 0, 0
112 1517956359287 Tracking (1):   0.0,   0.0,  0.00,  0.00,  0.00,  0.00, 0, 0
113 1517956359617 Tracking (1):   0.0,   0.0,  0.00,  0.00,  0.00,  0.00, 0, 0
114 1517956359950 Tracking (1):   0.0,   0.0,  0.00,  0.00,  0.00,  0.00, 0, 0
115 1517956360282 Tracking (1):   0.0,   0.0,  0.00,  0.00,  0.00,  0.00, 0, 0
116 1517956360614 Tracking (1):   0.0,   0.0,  0.00,  0.00,  0.00,  0.00, 0, 0
117 1517956360951 Tracking (1):   0.0,   0.0,  0.00,  0.00,  0.00,  0.00, 0, 0
118 1517956361283 Tracking (1):   0.0,   0.0,  0.00,  0.00,  0.00,  0.00, 0, 0
119 1517956361613 Tracking (1):   0.0,   0.0,  0.00,  0.00,  0.00,  0.00, 0, 0
120 1517956361943 Tracking (1):   0.0,   0.0,  0.00,  0.00,  0.00,  0.00, 0, 0
121 1517956362278 Tracking (1):   0.0,   0.0,  0.00,  0.00,  0.00,  0.00, 0, 0
122 1517956362626 Tracking (1):   0.0,   0.0,  0.00,  0.00,  0.00,  0.00, 0, 0
123 1517956362973 Tracking (1):   0.0,   0.0,  0.00,  0.00,  0.00,  0.00, 0, 0
124 1517956363319 Tracking (1):   0.0,   0.0,  0.00,  0.00,  0.00,  0.00, 0, 0
125 1517956363685 Tracking (1):   0.0,   0.0,  0.00,  0.00,  0.00,  0.00, 0, 0
126 1517956364055 Tracking (1):   0.0,   0.0,  0.00,  0.00,  0.00,  0.00, 0, 0
127 1517956364413 Tracking (1):   0.0,   0.0,  0.00,  0.00,  0.00,  0.00, 0, 0
128 1517956364746 Tracking (1):   0.0,   0.0,  0.00,  0.00,  0.00,  0.00, 0, 0
129 1517956365105 Tracking (1):   0.0,   0.0,  0.00,  0.00,  0.00,  0.00, 0, 0
130 1517956365494 Tracking (1):   0.0,   0.0,  0.00,  0.00,  0.00,  0.00, 0, 0
131 1517956365873 Tracking (1):   0.0,   0.0,  0.00,  0.00,  0.00,  0.00, 0, 0
132 1517956366216 Tracking (1):   0.0,   0.0,  0.00,  0.00,  0.00,  0.00, 0, 0
133 1517956366561 Tracking (1):   0.0,   0.0,  0.00,  0.00,  0.00,  0.00, 0, 0
134 1517956366918 Tracking (1):   0.0,   0.0,  0.00,  0.00,  0.00,  0.00, 0, 0
135 1517956367273 Tracking (1):   0.0,   0.0,  0.00,  0.00,  0.00,  0.00, 0, 0
136 1517956367622 Tracking (1):   0.0,   0.0,  0.00,  0.00,  0.00,  0.00, 0, 0
137 1517956367963 Tracking (1):   0.0,   0.0,  0.00,  0.00,  0.00,  0.00, 0, 0
138 1517956368308 Tracking (1):   0.0,   0.0,  0.00,  0.00,  0.00,  0.00, 0, 0
139 1517956368643 Tracking (1):   0.0,   0.0,  0.00,  0.00,  0.00,  0.00, 0, 0
140 1517956368984 Tracking (1):   0.0,   0.0,  0.00,  0.00,  0.00,  0.00, 0, 0
141 1517956369325 Tracking (1):   0.0,   0.0,  0.00,  0.00,  0.00,  0.00, 0, 0
142 1517956369686 Tracking (1):   0.0,   0.0,  0.00,  0.00,  0.00,  0.00, 0, 0
143 1517956370056 Tracking (1):   0.0,   0.0,  0.00,  0.00,  0.00,  0.00, 0, 0
144 1517956370415 Tracking (1):   0.0,   0.0,  0.00,  0.00,  0.00,  0.00, 0, 0
145 1517956370767 Tracking (1):   0.0,   0.0,  0.00,  0.00,  0.00,  0.00, 0, 0
146 1517956371112 Tracking (1):   0.0,   0.0,  0.00,  0.00,  0.00,  0.00, 0, 0
147 1517956371472 Tracking (1):   0.0,   0.0,  0.00,  0.00,  0.00,  0.00, 0, 0
148 1517956371830 Tracking (1):   0.0,   0.0,  0.00,  0.00,  0.00,  0.00, 0, 0
149 1517956372152 Tracking (1):   0.0,   0.0,  0.00,  0.00,  0.00,  0.00, 0, 0
150 1517956372474 Tracking (1):   0.0,   0.0,  0.00,  0.00,  0.00,  0.00, 0, 0
151 1517956372835 Tracking (1):   0.0,   0.0,  0.00,  0.00,  0.00,  0.00, 0, 0
152 1517956373182 Tracking (1):   0.0,   0.0,  0.00,  0.00,  0.00,  0.00, 0, 0
153 1517956373507 Tracking (1):   0.0,   0.0,  0.00,  0.00,  0.00,  0.00, 0, 0
154 1517956373835 Tracking (1):   0.0,   0.0,  0.00,  0.00,  0.00,  0.00, 0, 0
155 1517956374181 Tracking (1):   0.0,   0.0,  0.00,  0.00,  0.00,  0.00, 0, 0
156 1517956374501 Tracking (1):   0.0,   0.0,  0.00,  0.00,  0.00,  0.00, 0, 0
157 1517956374828 Tracking (1):   0.0,   0.0,  0.00,  0.00,  0.00,  0.00, 0, 0
158 1517956375174 Tracking (1):   0.0,   0.0,  0.00,  0.00,  0.00,  0.00, 0, 0
159 1517956375526 Tracking (1):   0.0,   0.0,  0.00,  0.00,  0.00,  0.00, 0, 0
160 1517956375885 Tracking (1):   0.0,   0.0,  0.00,  0.00,  0.00,  0.00, 0, 0
161 1517956376263 Tracking (1):   0.0,   0.0,  0.00,  0.00,  0.00,  0.00, 0, 0
162 1517956376616 Tracking (1):   0.0,   0.0,  0.00,  0.00,  0.00,  0.00, 0, 0
163 1517956376945 Tracking (1):   0.0,   0.0,  0.00,  0.00,  0.00,  0.00, 0, 0
164 1517956377272 Tracking (1):   0.0,   0.0,  0.00,  0.00,  0.00,  0.00, 0, 0
165 1517956377602 Tracking (1):   0.0,   0.0,  0.00,  0.00,  0.00,  0.00, 0, 0
166 1517956377925 Tracking (1):   0.0,   0.0,  0.00,  0.00,  0.00,  0.00, 0, 0
167 1517956378262 Tracking (1):   0.0,   0.0,  0.00,  0.00,  0.00,  0.00, 0, 0
168 1517956378586 Tracking (1):   0.0,   0.0,  0.00,  0.00,  0.00,  0.00, 0, 0
169 1517956378922 Tracking (1):   0.0,   0.0,  0.00,  0.00,  0.00,  0.00, 0, 0
170 1517956379256 Tracking (1):   0.0,   0.0,  0.00,  0.00,  0.00,  0.00, 0, 0
171 1517956379623 Tracking (1):   0.0,   0.0,  0.00,  0.00,  0.00,  0.00, 0, 0
172 1517956379994 Tracking (1):   0.0,   0.0,  0.00,  0.00,  0.00,  0.00, 0, 0
173 1517956380343 Tracking (1):   0.0,   0.0,  0.00,  0.00,  0.00,  0.00, 0, 0
174 1517956380732 Tracking (1):   0.0,   0.0,  0.00,  0.00,  0.00,  0.00, 0, 0
175 1517956381105 Tracking (1):   0.0,   0.0,  0.00,  0.00,  0.00,  0.00, 0, 0
176 1517956381444 Tracking (1):   0.0,   0.0,  0.00,  0.00,  0.00,  0.00, 0, 0
177 1517956381785 Tracking (1):   0.0,   0.0,  0.00,  0.00,  0.00,  0.00, 0, 0
178 1517956382155 Tracking (1):   0.0,   0.0,  0.00,  0.00,  0.00,  0.00, 0, 0
179 1517956382525 Tracking (1):   0.0,   0.0,  0.00,  0.00,  0.00,  0.00, 0, 0
180 1517956382851 Tracking (1):   0.0,   0.0,  0.00,  0.00,  0.00,  0.00, 0, 0
181 1517956383177 Tracking (1):   0.0,   0.0,  0.00,  0.00,  0.00,  0.00, 0, 0
182 1517956383502 Tracking (1):   0.0,   0.0,  0.00,  0.00,  0.00,  0.00, 0, 0
183 1517956383829 Tracking (1):   0.0,   0.0,  0.00,  0.00,  0.00,  0.00, 0, 0
184 1517956384156 Tracking (1):   0.0,   0.0,  0.00,  0.00,  0.00,  0.00, 0, 0
185 1517956384483 Tracking (1):   0.0,   0.0,  0.00,  0.00,  0.00,  0.00, 0, 0
186 1517956384809 Tracking (1):   0.0,   0.0,  0.00,  0.00,  0.00,  0.00, 0, 0
187 1517956385141 Tracking (1):   0.0,   0.0,  0.00,  0.00,  0.00,  0.00, 0, 0
188 1517956385467 Tracking (1):   0.0,   0.0,  0.00,  0.00,  0.00,  0.00, 0, 0
189 1517956385792 Tracking (1):   0.0,   0.0,  0.00,  0.00,  0.00,  0.00, 0, 0
190 1517956386118 Tracking (1):   0.0,   0.0,  0.00,  0.00,  0.00,  0.00, 0, 0
191 1517956386454 Tracking (1):   0.0,   0.0,  0.00,  0.00,  0.00,  0.00, 0, 0
192 1517956386781 Tracking (1):   0.0,   0.0,  0.00,  0.00,  0.00,  0.00, 0, 0
193 1517956387102 Tracking (1):   0.0,   0.0,  0.00,  0.00,  0.00,  0.00, 0, 0
194 1517956387435 Tracking (1):   0.0,   0.0,  0.00,  0.00,  0.00,  0.00, 0, 0
195 1517956387770 Tracking (1):   0.0,   0.0,  0.00,  0.00,  0.00,  0.00, 0, 0
196 1517956388107 Tracking (1):   0.0,   0.0,  0.00,  0.00,  0.00,  0.00, 0, 0
197 1517956388435 Tracking (1):   0.0,   0.0,  0.00,  0.00,  0.00,  0.00, 0, 0
198 1517956388762 Tracking (1):   0.0,   0.0,  0.00,  0.00,  0.00,  0.00, 0, 0
199 1517956389097 Tracking (1):   0.0,   0.0,  0.00,  0.00,  0.00,  0.00, 0, 0
200 1517956389427 Tracking (1):   0.0,   0.0,  0.00,  0.00,  0.00,  0.00, 0, 0
201 1517956389757 Tracking (1):   0.0,   0.0,  0.00,  0.00,  0.00,  0.00, 0, 0
202 1517956390085 Tracking (1):   0.0,   0.0,  0.00,  0.00,  0.00,  0.00, 0, 0
203 1517956390414 Tracking (1):   0.0,   0.0,  0.00,  0.00,  0.00,  0.00, 0, 0
204 1517956390742 Tracking (1):   0.0,   0.0,  0.00,  0.00,  0.00,  0.00, 0, 0
205 1517956391062 Tracking (1):   0.0,   0.0,  0.00,  0.00,  0.00,  0.00, 0, 0
206 1517956391395 Tracking (1):   0.0,   0.0,  0.00,  0.00,  0.00,  0.00, 0, 0
207 1517956391721 Tracking (1):   0.0,   0.0,  0.00,  0.00,  0.00,  0.00, 0, 0
208 1517956392059 Tracking (1):   0.0,   0.0,  0.00,  0.00,  0.00,  0.00, 0, 0
209 1517956392398 Tracking (1):   0.0,   0.0,  0.00,  0.00,  0.00,  0.00, 0, 0
210 1517956392738 Tracking (1):   0.0,   0.0,  0.00,  0.00,  0.00,  0.00, 0, 0
211 1517956393071 Tracking (1):   0.0,   0.0,  0.00,  0.00,  0.00,  0.00, 0, 0
212 1517956393399 Tracking (1):   0.0,   0.0,  0.00,  0.00,  0.00,  0.00, 0, 0
213 1517956393729 Tracking (1):   0.0,   0.0,  0.00,  0.00,  0.00,  0.00, 0, 0
214 1517956394053 Tracking (1):   0.0,   0.0,  0.00,  0.00,  0.00,  0.00, 0, 0
215 1517956394377 Tracking (1):   0.0,   0.0,  0.00,  0.00,  0.00,  0.00, 0, 0
216 1517956394702 Tracking (1):   0.0,   0.0,  0.00,  0.00,  0.00,  0.00, 0, 0
217 1517956395024 Tracking (1):   0.0,   0.0,  0.00,  0.00,  0.00,  0.00, 0, 0
218 1517956395351 Tracking (1):   0.0,   0.0,  0.00,  0.00,  0.00,  0.00, 0, 0
219 1517956395682 Tracking (1):   0.0,   0.0,  0.00,  0.00,  0.00,  0.00, 0, 0
220 1517956396012 Tracking (1):   0.0,   0.0,  0.00,  0.00,  0.00,  0.00, 0, 0
221 1517956396338 Tracking (1):   0.0,   0.0,  0.00,  0.00,  0.00,  0.00, 0, 0
222 1517956396716 Tracking (1):   0.0,   0.0,  0.00,  0.00,  0.00,  0.00, 0, 0
223 1517956397043 Tracking (1):   0.0,   0.0,  0.00,  0.00,  0.00,  0.00, 0, 0
224 1517956397373 Tracking (1):   0.0,   0.0,  0.00,  0.00,  0.00,  0.00, 0, 0
225 1517956397703 Tracking (1):   0.0,   0.0,  0.00,  0.00,  0.00,  0.00, 0, 0
226 1517956398040 Tracking (1):   0.0,   0.0,  0.00,  0.00,  0.00,  0.00, 0, 0
227 1517956398371 Tracking (1):   0.0,   0.0,  0.00,  0.00,  0.00,  0.00, 0, 0
228 1517956398700 Tracking (1):   0.0,   0.0,  0.00,  0.00,  0.00,  0.00, 0, 0
229 1517956399032 Tracking (1):   0.0,   0.0,  0.00,  0.00,  0.00,  0.00, 0, 0
230 1517956399365 Tracking (1):   0.0,   0.0,  0.00,  0.00,  0.00,  0.00, 0, 0
231 1517956399704 Tracking (1):   0.0,   0.0,  0.00,  0.00,  0.00,  0.00, 0, 0
232 1517956400039 Tracking (1):   0.0,   0.0,  0.00,  0.00,  0.00,  0.00, 0, 0
233 1517956400367 Tracking (1):   0.0,   0.0,  0.00,  0.00,  0.00,  0.00, 0, 0
234 1517956400702 Tracking (1):   0.0,   0.0,  0.00,  0.00,  0.00,  0.00, 0, 0
235 1517956401042 Tracking (1):   0.0,   0.0,  0.00,  0.00,  0.00,  0.00, 0, 0
236 1517956401393 Tracking (1):   0.0,   0.0,  0.00,  0.00,  0.00,  0.00, 0, 0
237 1517956401726 Tracking (1):   0.0,   0.0,  0.00,  0.00,  0.00,  0.00, 0, 0
238 1517956402068 Tracking (1):   0.0,   0.0,  0.00,  0.00,  0.00,  0.00, 0, 0
239 1517956402402 Tracking (1):   0.0,   0.0,  0.00,  0.00,  0.00,  0.00, 0, 0
240 1517956402735 Tracking (1):   0.0,   0.0,  0.00,  0.00,  0.00,  0.00, 0, 0
241 1517956403073 Tracking (1):   0.0,   0.0,  0.00,  0.00,  0.00,  0.00, 0, 0
242 1517956403420 Tracking (1):   0.0,   0.0,  0.00,  0.00,  0.00,  0.00, 0, 0
243 1517956403784 Tracking (1):   0.0,   0.0,  0.00,  0.00,  0.00,  0.00, 0, 0
244 1517956404135 Tracking (1):   0.0,   0.0,  0.00,  0.00,  0.00,  0.00, 0, 0
245 1517956404472 Tracking (1):   0.0,   0.0,  0.00,  0.00,  0.00,  0.00, 0, 0
246 1517956404825 Tracking (1):   0.0,   0.0,  0.00,  0.00,  0.00,  0.00, 0, 0
247 1517956405174 Tracking (1):   0.0,   0.0,  0.00,  0.00,  0.00,  0.00, 0, 0
248 1517956405531 Tracking (1):   0.0,   0.0,  0.00,  0.00,  0.00,  0.00, 0, 0
249 1517956405895 Tracking (1):   0.0,   0.0,  0.00,  0.00,  0.00,  0.00, 0, 0
250 1517956406253 Tracking (1):   0.0,   0.0,  0.00,  0.00,  0.00,  0.00, 0, 0
251 1517956406598 Tracking (1):   0.0,   0.0,  0.00,  0.00,  0.00,  0.00, 0, 0
252 1517956406945 Tracking (1):   0.0,   0.0,  0.00,  0.00,  0.00,  0.00, 0, 0
253 1517956407309 Tracking (1):   0.0,   0.0,  0.00,  0.00,  0.00,  0.00, 0, 0
254 1517956407647 Tracking (1):   0.0,   0.0,  0.00,  0.00,  0.00,  0.00, 0, 0
255 1517956407976 Tracking (1):   0.0,   0.0,  0.00,  0.00,  0.00,  0.00, 0, 0
256 1517956408306 Tracking (1):   0.0,   0.0,  0.00,  0.00,  0.00,  0.00, 0, 0
257 1517956408655 Tracking (1):   0.0,   0.0,  0.00,  0.00,  0.00,  0.00, 0, 0
258 1517956409015 Tracking (1):   0.0,   0.0,  0.00,  0.00,  0.00,  0.00, 0, 0
259 1517956409377 Tracking (1):   0.0,   0.0,  0.00,  0.00,  0.00,  0.00, 0, 0
260 1517956409714 Tracking (1):   0.0,   0.0,  0.00,  0.00,  0.00,  0.00, 0, 0
261 1517956410050 Tracking (1):   0.0,   0.0,  0.00,  0.00,  0.00,  0.00, 0, 0
262 1517956410419 Tracking (1):   0.0,   0.0,  0.00,  0.00,  0.00,  0.00, 0, 0
263 1517956410750 Tracking (1):   0.0,   0.0,  0.00,  0.00,  0.00,  0.00, 0, 0
264 1517956411080 Tracking (1):   0.0,   0.0,  0.00,  0.00,  0.00,  0.00, 0, 0
265 1517956411415 Tracking (1):   0.0,   0.0,  0.00,  0.00,  0.00,  0.00, 0, 0
266 1517956411757 Tracking (1):   0.0,   0.0,  0.00,  0.00,  0.00,  0.00, 0, 0
267 1517956412115 Tracking (1):   0.0,   0.0,  0.00,  0.00,  0.00,  0.00, 0, 0
268 1517956412484 Tracking (1):   0.0,   0.0,  0.00,  0.00,  0.00,  0.00, 0, 0
269 1517956412826 Tracking (1):   0.0,   0.0,  0.00,  0.00,  0.00,  0.00, 0, 0
270 1517956413184 Tracking (1):   0.0,   0.0,  0.00,  0.00,  0.00,  0.00, 0, 0
271 1517956413554 Tracking (1):   0.0,   0.0,  0.00,  0.00,  0.00,  0.00, 0, 0
272 1517956413903 Tracking (1):   0.0,   0.0,  0.00,  0.00,  0.00,  0.00, 0, 0
273 1517956414236 Tracking (1):   0.0,   0.0,  0.00,  0.00,  0.00,  0.00, 0, 0
274 1517956414567 Tracking (1):   0.0,   0.0,  0.00,  0.00,  0.00,  0.00, 0, 0
275 1517956414915 Tracking (1):   0.0,   0.0,  0.00,  0.00,  0.00,  0.00, 0, 0
276 1517956415277 Tracking (1):   0.0,   0.0,  0.00,  0.00,  0.00,  0.00, 0, 0
277 1517956415635 Tracking (1):   0.0,   0.0,  0.00,  0.00,  0.00,  0.00, 0, 0
278 1517956415993 Tracking (1):   0.0,   0.0,  0.00,  0.00,  0.00,  0.00, 0, 0
279 1517956416348 Tracking (1):   0.0,   0.0,  0.00,  0.00,  0.00,  0.00, 0, 0
280 1517956416702 Tracking (1):   0.0,   0.0,  0.00,  0.00,  0.00,  0.00, 0, 0
281 1517956417040 Tracking (1):   0.0,   0.0,  0.00,  0.00,  0.00,  0.00, 0, 0
282 1517956417385 Tracking (1):   0.0,   0.0,  0.00,  0.00,  0.00,  0.00, 0, 0
283 1517956417731 Tracking (1):   0.0,   0.0,  0.00,  0.00,  0.00,  0.00, 0, 0
284 1517956418081 Tracking (1):   0.0,   0.0,  0.00,  0.00,  0.00,  0.00, 0, 0
285 1517956418417 Tracking (1):   0.0,   0.0,  0.00,  0.00,  0.00,  0.00, 0, 0
286 1517956418799 Tracking (1):   0.0,   0.0,  0.00,  0.00,  0.00,  0.00, 0, 0
287 1517956419137 Tracking (1):   0.0,   0.0,  0.00,  0.00,  0.00,  0.00, 0, 0
288 1517956419479 Tracking (1):   0.0,   0.0,  0.00,  0.00,  0.00,  0.00, 0, 0
289 1517956419818 Tracking (1):   0.0,   0.0,  0.00,  0.00,  0.00,  0.00, 0, 0
290 1517956420159 Tracking (1):   0.0,   0.0,  0.00,  0.00,  0.00,  0.00, 0, 0
291 1517956420496 Tracking (1):   0.0,   0.0,  0.00,  0.00,  0.00,  0.00, 0, 0
292 1517956420843 Tracking (1):   0.0,   0.0,  0.00,  0.00,  0.00,  0.00, 0, 0
293 1517956421178 Tracking (1):   0.0,   0.0,  0.00,  0.00,  0.00,  0.00, 0, 0
294 1517956421514 Tracking (1):   0.0,   0.0,  0.00,  0.00,  0.00,  0.00, 0, 0
295 1517956421850 Tracking (1):   0.0,   0.0,  0.00,  0.00,  0.00,  0.00, 0, 0
296 1517956422178 Tracking (1):   0.0,   0.0,  0.00,  0.00,  0.00,  0.00, 0, 0
297 1517956422516 Tracking (1):   0.0,   0.0,  0.00,  0.00,  0.00,  0.00, 0, 0
298 1517956422859 Tracking (1):   0.0,   0.0,  0.00,  0.00,  0.00,  0.00, 0, 0
299 1517956423191 Tracking (1):   0.0,   0.0,  0.00,  0.00,  0.00,  0.00, 0, 0
300 1517956423526 Tracking (1):   0.0,   0.0,  0.00,  0.00,  0.00,  0.00, 0, 0
301 1517956423890 Tracking (1):   0.0,   0.0,  0.00,  0.00,  0.00,  0.00, 0, 0
302 1517956424223 Tracking (1):   0.0,   0.0,  0.00,  0.00,  0.00,  0.00, 0, 0
303 1517956424551 Tracking (1):   0.0,   0.0,  0.00,  0.00,  0.00,  0.00, 0, 0
304 1517956424879 Tracking (1):   0.0,   0.0,  0.00,  0.00,  0.00,  0.00, 0, 0
305 1517956425219 Tracking (1):   0.0,   0.0,  0.00,  0.00,  0.00,  0.00, 0, 0
306 1517956425546 Tracking (1):   0.0,   0.0,  0.00,  0.00,  0.00,  0.00, 0, 0
307 1517956425876 Tracking (1):   0.0,   0.0,  0.00,  0.00,  0.00,  0.00, 0, 0
308 1517956426208 Tracking (1):   0.0,   0.0,  0.00,  0.00,  0.00,  0.00, 0, 0
309 1517956426544 Tracking (1):   0.0,   0.0,  0.00,  0.00,  0.00,  0.00, 0, 0
310 1517956426886 Tracking (1):   0.0,   0.0,  0.00,  0.00,  0.00,  0.00, 0, 0
311 1517956427215 Tracking (1):   0.0,   0.0,  0.00,  0.00,  0.00,  0.00, 0, 0
312 1517956427550 Tracking (1):   0.0,   0.0,  0.00,  0.00,  0.00,  0.00, 0, 0
313 1517956427885 Tracking (1):   0.0,   0.0,  0.00,  0.00,  0.00,  0.00, 0, 0
314 1517956428211 Tracking (1):   0.0,   0.0,  0.00,  0.00,  0.00,  0.00, 0, 0
315 1517956428539 Tracking (1):   0.0,   0.0,  0.00,  0.00,  0.00,  0.00, 0, 0
316 1517956428864 Tracking (1):   0.0,   0.0,  0.00,  0.00,  0.00,  0.00, 0, 0
317 1517956429189 Tracking (1):   0.0,   0.0,  0.00,  0.00,  0.00,  0.00, 0, 0
318 1517956429522 Tracking (1):   0.0,   0.0,  0.00,  0.00,  0.00,  0.00, 0, 0
319 1517956429850 Tracking (1):   0.0,   0.0,  0.00,  0.00,  0.00,  0.00, 0, 0
320 1517956430180 Tracking (1):   0.0,   0.0,  0.00,  0.00,  0.00,  0.00, 0, 0
321 1517956430509 Tracking (1):   0.0,   0.0,  0.00,  0.00,  0.00,  0.00, 0, 0
322 1517956430839 Tracking (1):   0.0,   0.0,  0.00,  0.00,  0.00,  0.00, 0, 0
323 1517956431169 Tracking (1):   0.0,   0.0,  0.00,  0.00,  0.00,  0.00, 0, 0
324 1517956431493 Tracking (1):   0.0,   0.0,  0.00,  0.00,  0.00,  0.00, 0, 0
325 1517956431824 Tracking (1):   0.0,   0.0,  0.00,  0.00,  0.00,  0.00, 0, 0
326 1517956432152 Tracking (1):   0.0,   0.0,  0.00,  0.00,  0.00,  0.00, 0, 0
327 1517956432487 Tracking (1):   0.0,   0.0,  0.00,  0.00,  0.00,  0.00, 0, 0
328 1517956432820 Tracking (1):   0.0,   0.0,  0.00,  0.00,  0.00,  0.00, 0, 0
329 1517956433164 Tracking (1):   0.0,   0.0,  0.00,  0.00,  0.00,  0.00, 0, 0
330 1517956433495 Tracking (1):   0.0,   0.0,  0.00,  0.00,  0.00,  0.00, 0, 0
331 1517956433825 Tracking (1):   0.0,   0.0,  0.00,  0.00,  0.00,  0.00, 0, 0
332 1517956434151 Tracking (1):   0.0,   0.0,  0.00,  0.00,  0.00,  0.00, 0, 0
333 1517956434483 Tracking (1):   0.0,   0.0,  0.00,  0.00,  0.00,  0.00, 0, 0
334 1517956434811 Tracking (1):   0.0,   0.0,  0.00,  0.00,  0.00,  0.00, 0, 0
335 1517956435137 Tracking (1):   0.0,   0.0,  0.00,  0.00,  0.00,  0.00, 0, 0
336 1517956435473 Tracking (1):   0.0,   0.0,  0.00,  0.00,  0.00,  0.00, 0, 0
337 1517956435801 Tracking (1):   0.0,   0.0,  0.00,  0.00,  0.00,  0.00, 0, 0
338 1517956436121 Tracking (1):   0.0,   0.0,  0.00,  0.00,  0.00,  0.00, 0, 0
339 1517956436441 Tracking (1):   0.0,   0.0,  0.00,  0.00,  0.00,  0.00, 0, 0
340 1517956436765 Tracking (1):   0.0,   0.0,  0.00,  0.00,  0.00,  0.00, 0, 0
341 1517956437094 Tracking (1):   0.0,   0.0,  0.00,  0.00,  0.00,  0.00, 0, 0
342 1517956437416 Tracking (1):   0.0,   0.0,  0.00,  0.00,  0.00,  0.00, 0, 0
343 1517956437739 Tracking (1):   0.0,   0.0,  0.00,  0.00,  0.00,  0.00, 0, 0
344 1517956438064 Tracking (1):   0.0,   0.0,  0.00,  0.00,  0.00,  0.00, 0, 0
345 1517956438392 Tracking (1):   0.0,   0.0,  0.00,  0.00,  0.00,  0.00, 0, 0
346 1517956438715 Tracking (1):   0.0,   0.0,  0.00,  0.00,  0.00,  0.00, 0, 0
347 1517956439043 Tracking (1):   0.0,   0.0,  0.00,  0.00,  0.00,  0.00, 0, 0
348 1517956439371 Tracking (1):   0.0,   0.0,  0.00,  0.00,  0.00,  0.00, 0, 0
349 1517956439702 Tracking (1):   0.0,   0.0,  0.00,  0.00,  0.00,  0.00, 0, 0
350 1517956440032 Tracking (1):   0.0,   0.0,  0.00,  0.00,  0.00,  0.00, 0, 0
351 1517956440364 Tracking (1):   0.0,   0.0,  0.00,  0.00,  0.00,  0.00, 0, 0
352 1517956440687 Tracking (1):   0.0,   0.0,  0.00,  0.00,  0.00,  0.00, 0, 0
353 1517956441015 Tracking (1):   0.0,   0.0,  0.00,  0.00,  0.00,  0.00, 0, 0
354 1517956441348 Tracking (1):   0.0,   0.0,  0.00,  0.00,  0.00,  0.00, 0, 0
355 1517956441667 Tracking (1):   0.0,   0.0,  0.00,  0.00,  0.00,  0.00, 0, 0
356 1517956441983 Tracking (1):   0.0,   0.0,  0.00,  0.00,  0.00,  0.00, 0, 0
357 1517956442312 Tracking (1):   0.0,   0.0,  0.00,  0.00,  0.00,  0.00, 0, 0
358 1517956442636 Tracking (1):   0.0,   0.0,  0.00,  0.00,  0.00,  0.00, 0, 0
359 1517956442972 Tracking (1):   0.0,   0.0,  0.00,  0.00,  0.00,  0.00, 0, 0
360 1517956443309 Tracking (1):   0.0,   0.0,  0.00,  0.00,  0.00,  0.00, 0, 0
361 1517956443647 Tracking (1):   0.0,   0.0,  0.00,  0.00,  0.00,  0.00, 0, 0
362 1517956443973 Tracking (1):   0.0,   0.0,  0.00,  0.00,  0.00,  0.00, 0, 0
363 1517956444300 Tracking (1):   0.0,   0.0,  0.00,  0.00,  0.00,  0.00, 0, 0
364 1517956444631 Tracking (1):   0.0,   0.0,  0.00,  0.00,  0.00,  0.00, 0, 0
365 1517956444959 Tracking (1):   0.0,   0.0,  0.00,  0.00,  0.00,  0.00, 0, 0
366 1517956445290 Tracking (1):   0.0,   0.0,  0.00,  0.00,  0.00,  0.00, 0, 0
367 1517956445617 Tracking (1):   0.0,   0.0,  0.00,  0.00,  0.00,  0.00, 0, 0
368 1517956445948 Tracking (1):   0.0,   0.0,  0.00,  0.00,  0.00,  0.00, 0, 0
369 1517956446278 Tracking (1):   0.0,   0.0,  0.00,  0.00,  0.00,  0.00, 0, 0
370 1517956446604 Tracking (1):   0.0,   0.0,  0.00,  0.00,  0.00,  0.00, 0, 0
371 1517956446934 Tracking (1):   0.0,   0.0,  0.00,  0.00,  0.00,  0.00, 0, 0
372 1517956447261 Tracking (1):   0.0,   0.0,  0.00,  0.00,  0.00,  0.00, 0, 0
373 1517956447600 Tracking (1):   0.0,   0.0,  0.00,  0.00,  0.00,  0.00, 0, 0
374 1517956448024 Tracking (1):   0.0,   0.0,  0.00,  0.00,  0.00,  0.00, 0, 0
375 1517956448395 Tracking (1):   0.0,   0.0,  0.00,  0.00,  0.00,  0.00, 0, 0
376 1517956448753 Tracking (1):   0.0,   0.0,  0.00,  0.00,  0.00,  0.00, 0, 0
377 1517956449115 Tracking (1):   0.0,   0.0,  0.00,  0.00,  0.00,  0.00, 0, 0
378 1517956449447 Tracking (1):   0.0,   0.0,  0.00,  0.00,  0.00,  0.00, 0, 0
379 1517956449772 Tracking (1):   0.0,   0.0,  0.00,  0.00,  0.00,  0.00, 0, 0
380 1517956450145 Tracking (1):   0.0,   0.0,  0.00,  0.00,  0.00,  0.00, 0, 0
381 1517956450504 Tracking (1):   0.0,   0.0,  0.00,  0.00,  0.00,  0.00, 0, 0
382 1517956450854 Tracking (1):   0.0,   0.0,  0.00,  0.00,  0.00,  0.00, 0, 0
383 1517956451215 Tracking (1):   0.0,   0.0,  0.00,  0.00,  0.00,  0.00, 0, 0
384 1517956451557 Tracking (1):   0.0,   0.0,  0.00,  0.00,  0.00,  0.00, 0, 0
385 1517956451954 Tracking (1):   0.0,   0.0,  0.00,  0.00,  0.00,  0.00, 0, 0
386 1517956452279 Tracking (1):   0.0,   0.0,  0.00,  0.00,  0.00,  0.00, 0, 0
387 1517956452611 Tracking (1):   0.0,   0.0,  0.00,  0.00,  0.00,  0.00, 0, 0
388 1517956452985 Tracking (1):   0.0,   0.0,  0.00,  0.00,  0.00,  0.00, 0, 0
389 1517956453324 Tracking (1):   0.0,   0.0,  0.00,  0.00,  0.00,  0.00, 0, 0
390 1517956453648 Tracking (1):   0.0,   0.0,  0.00,  0.00,  0.00,  0.00, 0, 0
391 1517956453968 Tracking (1):   0.0,   0.0,  0.00,  0.00,  0.00,  0.00, 0, 0
392 1517956454296 Tracking (1):   0.0,   0.0,  0.00,  0.00,  0.00,  0.00, 0, 0
393 1517956454621 Tracking (1):   0.0,   0.0,  0.00,  0.00,  0.00,  0.00, 0, 0
394 1517956454950 Tracking (1):   0.0,   0.0,  0.00,  0.00,  0.00,  0.00, 0, 0
395 1517956455297 Tracking (1):   0.0,   0.0,  0.00,  0.00,  0.00,  0.00, 0, 0
396 1517956455633 Tracking (1):   0.0,   0.0,  0.00,  0.00,  0.00,  0.00, 0, 0
397 1517956455960 Tracking (1):   0.0,   0.0,  0.00,  0.00,  0.00,  0.00, 0, 0

SensorPod 52 SRPY Attack Version
Tue Feb  6 17:35:40 2018
Format: time, frame, dcx, dcy, dcx_vel_avg, dcy_vel_avg, dcx_acc_avg, dcy_acc_avg, trackp, autop
Timestamps for tracking reset notifications are at
the time of logging, not occurrence.
1517956540.37: Initiating Data Logging...
1 1517956542293 Tracking (1):   0.0,   0.0,  0.00,  0.00,  0.00,  0.00, 0, 0
2 1517956542838 Tracking (1):   0.0,   0.0,  0.00,  0.00,  0.00,  0.00, 0, 0
3 1517956543195 Tracking (1):   0.0,   0.0,  0.00,  0.00,  0.00,  0.00, 0, 0
4 1517956543559 Tracking (1):   0.0,   0.0,  0.00,  0.00,  0.00,  0.00, 0, 0
5 1517956543897 Tracking (1):   0.0,   0.0,  0.00,  0.00,  0.00,  0.00, 0, 0
6 1517956544217 Tracking (1):   0.0,   0.0,  0.00,  0.00,  0.00,  0.00, 0, 0
7 1517956544543 Tracking (1):   0.0,   0.0,  0.00,  0.00,  0.00,  0.00, 0, 0
8 1517956544875 Tracking (1):   0.0,   0.0,  0.00,  0.00,  0.00,  0.00, 0, 0
9 1517956545198 Tracking (1):   0.0,   0.0,  0.00,  0.00,  0.00,  0.00, 0, 0
10 1517956545538 Tracking (1):   0.0,   0.0,  0.00,  0.00,  0.00,  0.00, 0, 0
11 1517956545852 Tracking (1):   0.0,   0.0,  0.00,  0.00,  0.00,  0.00, 0, 0
12 1517956546174 Tracking (1):   0.0,   0.0,  0.00,  0.00,  0.00,  0.00, 0, 0
13 1517956546506 Tracking (1):   0.0,   0.0,  0.00,  0.00,  0.00,  0.00, 0, 0
14 1517956546836 Tracking (1):   0.0,   0.0,  0.00,  0.00,  0.00,  0.00, 0, 0
15 1517956547175 Tracking (1):   0.0,   0.0,  0.00,  0.00,  0.00,  0.00, 0, 0
16 1517956547525 Tracking (1):   0.0,   0.0,  0.00,  0.00,  0.00,  0.00, 0, 0
17 1517956547897 Tracking (1):   0.0,   0.0,  0.00,  0.00,  0.00,  0.00, 0, 0
18 1517956548214 Tracking (1):   0.0,   0.0,  0.00,  0.00,  0.00,  0.00, 0, 0
19 1517956548562 Tracking (1):   0.0,   0.0,  0.00,  0.00,  0.00,  0.00, 0, 0
20 1517956548902 Tracking (1):   0.0,   0.0,  0.00,  0.00,  0.00,  0.00, 0, 0
21 1517956549243 Tracking (1):   0.0,   0.0,  0.00,  0.00,  0.00,  0.00, 0, 0
22 1517956549581 Tracking (1):   0.0,   0.0,  0.00,  0.00,  0.00,  0.00, 0, 0
23 1517956549928 Tracking (1):   0.0,   0.0,  0.00,  0.00,  0.00,  0.00, 0, 0
24 1517956550262 Tracking (1):   0.0,   0.0,  0.00,  0.00,  0.00,  0.00, 0, 0
25 1517956550606 Tracking (1):   0.0,   0.0,  0.00,  0.00,  0.00,  0.00, 0, 0
26 1517956550968 Tracking (1):   0.0,   0.0,  0.00,  0.00,  0.00,  0.00, 0, 0
27 1517956551338 Tracking (1):   0.0,   0.0,  0.00,  0.00,  0.00,  0.00, 0, 0
28 1517956551695 Tracking (1):   0.0,   0.0,  0.00,  0.00,  0.00,  0.00, 0, 0
29 1517956552068 Tracking (1):   0.0,   0.0,  0.00,  0.00,  0.00,  0.00, 0, 0
30 1517956552396 Tracking (1):   0.0,   0.0,  0.00,  0.00,  0.00,  0.00, 0, 0
31 1517956552718 Tracking (1):   0.0,   0.0,  0.00,  0.00,  0.00,  0.00, 0, 0
32 1517956553052 Tracking (1):   0.0,   0.0,  0.00,  0.00,  0.00,  0.00, 0, 0
33 1517956553413 Tracking (1):   0.0,   0.0,  0.00,  0.00,  0.00,  0.00, 0, 0
34 1517956553766 Tracking (1):   0.0,   0.0,  0.00,  0.00,  0.00,  0.00, 0, 0
35 1517956554105 Tracking (1):   0.0,   0.0,  0.00,  0.00,  0.00,  0.00, 0, 0
36 1517956554465 Tracking (1):   0.0,   0.0,  0.00,  0.00,  0.00,  0.00, 0, 0
37 1517956554793 Tracking (1):   0.0,   0.0,  0.00,  0.00,  0.00,  0.00, 0, 0
38 1517956555112 Tracking (1):   0.0,   0.0,  0.00,  0.00,  0.00,  0.00, 0, 0
39 1517956555438 Tracking (1):   0.0,   0.0,  0.00,  0.00,  0.00,  0.00, 0, 0
40 1517956555767 Tracking (1):   0.0,   0.0,  0.00,  0.00,  0.00,  0.00, 0, 0
41 1517956556090 Tracking (1):   0.0,   0.0,  0.00,  0.00,  0.00,  0.00, 0, 0
42 1517956556408 Tracking (1):   0.0,   0.0,  0.00,  0.00,  0.00,  0.00, 0, 0
43 1517956556733 Tracking (1):   0.0,   0.0,  0.00,  0.00,  0.00,  0.00, 0, 0
44 1517956557053 Tracking (1):   0.0,   0.0,  0.00,  0.00,  0.00,  0.00, 0, 0
45 1517956557373 Tracking (1):   0.0,   0.0,  0.00,  0.00,  0.00,  0.00, 0, 0
46 1517956557709 Tracking (1):   0.0,   0.0,  0.00,  0.00,  0.00,  0.00, 0, 0
47 1517956558054 Tracking (1):   0.0,   0.0,  0.00,  0.00,  0.00,  0.00, 0, 0
48 1517956558373 Tracking (1):   0.0,   0.0,  0.00,  0.00,  0.00,  0.00, 0, 0
49 1517956558688 Tracking (1):   0.0,   0.0,  0.00,  0.00,  0.00,  0.00, 0, 0
50 1517956559004 Tracking (1):   0.0,   0.0,  0.00,  0.00,  0.00,  0.00, 0, 0
51 1517956559345 Tracking (1):   0.0,   0.0,  0.00,  0.00,  0.00,  0.00, 0, 0
52 1517956559680 Tracking (1):   0.0,   0.0,  0.00,  0.00,  0.00,  0.00, 0, 0
53 1517956560004 Tracking (1):   0.0,   0.0,  0.00,  0.00,  0.00,  0.00, 0, 0
54 1517956560323 Tracking (1):   0.0,   0.0,  0.00,  0.00,  0.00,  0.00, 0, 0
55 1517956560642 Tracking (1):   0.0,   0.0,  0.00,  0.00,  0.00,  0.00, 0, 0
56 1517956560968 Tracking (1):   0.0,   0.0,  0.00,  0.00,  0.00,  0.00, 0, 0
57 1517956561290 Tracking (1):   0.0,   0.0,  0.00,  0.00,  0.00,  0.00, 0, 0
58 1517956561614 Tracking (1):   0.0,   0.0,  0.00,  0.00,  0.00,  0.00, 0, 0
59 1517956561940 Tracking (1):   0.0,   0.0,  0.00,  0.00,  0.00,  0.00, 0, 0
60 1517956562279 Tracking (1):   0.0,   0.0,  0.00,  0.00,  0.00,  0.00, 0, 0
61 1517956562617 Tracking (1):   0.0,   0.0,  0.00,  0.00,  0.00,  0.00, 0, 0
62 1517956562947 Tracking (1):   0.0,   0.0,  0.00,  0.00,  0.00,  0.00, 0, 0
63 1517956563267 Tracking (1):   0.0,   0.0,  0.00,  0.00,  0.00,  0.00, 0, 0
64 1517956563606 Tracking (1):   0.0,   0.0,  0.00,  0.00,  0.00,  0.00, 0, 0
65 1517956563922 Tracking (1):   0.0,   0.0,  0.00,  0.00,  0.00,  0.00, 0, 0
66 1517956564256 Tracking (1):   0.0,   0.0,  0.00,  0.00,  0.00,  0.00, 0, 0
67 1517956564585 Tracking (1):   0.0,   0.0,  0.00,  0.00,  0.00,  0.00, 0, 0
68 1517956564916 Tracking (1):   0.0,   0.0,  0.00,  0.00,  0.00,  0.00, 0, 0
69 1517956565244 Tracking (1):   0.0,   0.0,  0.00,  0.00,  0.00,  0.00, 0, 0
70 1517956565566 Tracking (1):   0.0,   0.0,  0.00,  0.00,  0.00,  0.00, 0, 0
71 1517956565887 Tracking (1):   0.0,   0.0,  0.00,  0.00,  0.00,  0.00, 0, 0
72 1517956566240 Tracking (1):   0.0,   0.0,  0.00,  0.00,  0.00,  0.00, 0, 0
73 1517956566586 Tracking (1):   0.0,   0.0,  0.00,  0.00,  0.00,  0.00, 0, 0
74 1517956566934 Tracking (1):   0.0,   0.0,  0.00,  0.00,  0.00,  0.00, 0, 0
75 1517956567315 Tracking (1):   0.0,   0.0,  0.00,  0.00,  0.00,  0.00, 0, 0
76 1517956567708 Tracking (1):   0.0,   0.0,  0.00,  0.00,  0.00,  0.00, 0, 0
77 1517956568062 Tracking (1):   0.0,   0.0,  0.00,  0.00,  0.00,  0.00, 0, 0
78 1517956568386 Tracking (1):   0.0,   0.0,  0.00,  0.00,  0.00,  0.00, 0, 0
79 1517956568709 Tracking (1):   0.0,   0.0,  0.00,  0.00,  0.00,  0.00, 0, 0
80 1517956569043 Tracking (1):   0.0,   0.0,  0.00,  0.00,  0.00,  0.00, 0, 0
81 1517956569362 Tracking (1):   0.0,   0.0,  0.00,  0.00,  0.00,  0.00, 0, 0
82 1517956569676 Tracking (1):   0.0,   0.0,  0.00,  0.00,  0.00,  0.00, 0, 0
83 1517956570021 Tracking (1):   0.0,   0.0,  0.00,  0.00,  0.00,  0.00, 0, 0
84 1517956570352 Tracking (1):   0.0,   0.0,  0.00,  0.00,  0.00,  0.00, 0, 0
85 1517956570691 Tracking (1):   0.0,   0.0,  0.00,  0.00,  0.00,  0.00, 0, 0
86 1517956571013 Tracking (1):   0.0,   0.0,  0.00,  0.00,  0.00,  0.00, 0, 0
87 1517956571326 Tracking (1):   0.0,   0.0,  0.00,  0.00,  0.00,  0.00, 0, 0
88 1517956571649 Tracking (1):   0.0,   0.0,  0.00,  0.00,  0.00,  0.00, 0, 0
89 1517956571971 Tracking (1):   0.0,   0.0,  0.00,  0.00,  0.00,  0.00, 0, 0
90 1517956572295 Tracking (1):   0.0,   0.0,  0.00,  0.00,  0.00,  0.00, 0, 0
91 1517956572623 Tracking (1):   0.0,   0.0,  0.00,  0.00,  0.00,  0.00, 0, 0
92 1517956572956 Tracking (1):   0.0,   0.0,  0.00,  0.00,  0.00,  0.00, 0, 0
93 1517956573313 Tracking (1):   0.0,   0.0,  0.00,  0.00,  0.00,  0.00, 0, 0
